500
0 960 9648 1643 4048 4499 9941 4634
1 4130 7336 1844 375 3962 5371 636
2 8192 3681 5382 6864 7827 7580 8413
3 2923 11 1518 6864 3406 9814 2015
4 7553 1507 5542 3849 3246 9108 7129
5 9536 5320 7026 5016 153 8219 3614
6 8835 7475 7211 7950 4371 5404 6527
7 192 3619 5669 5752 2826 8273 9784
8 5602 7047 3406 3057 8686 4922 3931
9 5024 2689 3209 4374 5545 1721 7900
10 3143 3816 1804 1300 3605 5849 1371
11 4290 741 2472 6192 8472 6682 3867
12 4451 5252 6757 1418 3757 9978 6277
13 6689 7853 9455 3605 4825 3119 4221
14 5377 8458 5006 9552 509 4830 4351
15 9072 9158 2504 6858 2224 2035 7454
16 160 515 3181 6864 1329 419 2356
17 1537 716 4142 8404 6297 5084 9695
18 2287 3048 5486 143 659 8504 5499
19 4417 4998 7144 5486 5616 6140 317
20 8835 1735 424 872 8818 7897 5246
21 4354 6121 6220 274 7667 6167 7738
22 5249 7140 8809 107 3793 9458 5204
23 7163 8389 2089 11 9526 5691 8413
24 7298 4803 9161 1200 5691 348 8861
25 9890 7227 9092 8682 1388 9147 1630
26 97 5378 9382 679 6872 6334 9599
27 5355 9797 7144 9067 2636 4030 5118
28 4068 1318 5290 5579 4142 3440 6107
29 7211 2379 5139 5718 4439 6684 8063
30 9128 9117 3698 8307 7705 6971 4221
31 7076 4839 1687 1491 7475 8791 8575
32 7752 4139 5616 7348 6874 2492 7935
33 2433 2727 6794 7441 9814 4889 5279
34 6312 9203 9590 7417 3770 3995 5565
35 4000 9059 4356 4205 6703 9017 3738
36 635 763 5511 2356 1046 4122 5723
37 4417 9154 5731 7913 9081 2587 2652
38 2912 4323 2989 2703 280 3471 6526
39 1920 4323 4518 4038 3196 8317 4383
40 4321 1822 3369 1300 4085 6172 6846
41 7810 8099 9384 3628 6319 7824 1684
42 7877 2035 6548 6167 9588 509 4639
43 5410 1318 4363 2861 846 9522 3198
44 2435 7559 3019 6252 1261 335 562
45 419 8650 9454 4655 6704 3700 9978
46 9154 1475 6629 7913 7050 4889 6846
47 8872 7823 8404 5878 4793 9147 3548
48 9827 7589 7368 2827 335 8760 2814
49 7584 8770 9894 8584 2826 5551 9526
50 7298 310 1288 7340 5974 8926 9599
51 9472 4267 9165 3863 9204 2487 7674
52 6090 6607 6961 3126 121 1881 7002
53 7376 2276 4873 2284 4205 5616 9147
54 6277 6854 9389 3759 6970 2991 509
55 1732 5884 2253 6158 9695 2620 1951
56 3205 231 7887 4656 1108 4251 7037
57 7584 7430 1836 7661 1716 6612 4766
58 160 7622 5159 42 4142 4083 3390
59 3492 8582 6697 2765 1359 1392 8727
60 8261 966 5516 1294 8625 4918 4158
61 2664 8750 5583 5016 5018 1021 4351
62 386 8292 8165 8425 426 1362 4030
63 2691 2405 5993 419 4083 4980 4279
64 429 2637 9011 1300 7990 4825 7135
65 3844 5769 7279 9009 730 9981 6751
66 3713 4394 844 9459 3736 1403 383
67 7840 6914 1926 392 4499 8664 3387
68 8166 2250 2062 6066 4115 5013 1011
69 2562 807 8424 8777 8399 1200 7368
70 5377 3171 5829 7112 9389 4045 4830
71 263 2637 1077 87 3449 8317 3359
72 5499 4267 204 7925 7350 7416 7963
73 3888 5602 1284 7336 7532 3406 3248
74 9576 9895 4936 3057 242 3770 4187
75 7297 2083 6119 3951 8757 6392 9365
76 5729 1732 4806 865 424 4085 8895
77 4321 1027 7105 6703 3698 2230 9784
78 4452 2693 3421 2035 8633 3962 1629
79 3713 8322 5130 3628 7345 3763 5718
80 7398 7783 4655 4371 6167 2491 6974
81 4867 2221 3427 6548 1304 1021 8895
82 4515 3851 1003 913 5046 6684 3294
83 6689 3182 5780 414 4599 636 222
84 5252 9413 6858 7659 2284 7375 3544
85 9572 3816 8619 5460 7927 5082 1435
86 3492 394 8045 3217 5299 3544 636
87 6079 6855 7112 7466 9142 6971 7999
88 5024 3778 2502 4752 8626 3768 6846
89 1152 7559 8875 9326 143 8472 1423
90 9454 2069 375 6713 315 4061 2782
91 416 1857 5729 8108 4656 9651 1020
92 8745 2765 5518 945 2743 8059 2044
93 3300 7144 8875 8271 7472 4200 2772
94 4451 6444 9933 9552 4889 1371 3357
95 2472 2703 5096 7510 119 5562 3198
96 2528 1155 4394 9099 8399 7222 6392
97 1664 4810 8016 7894 7832 2457 9690
98 2886 7271 7784 3978 6567 5425 8283
99 7010 4451 6948 7375 6608 5731 4221
100 6273 1027 230 8111 3570 6169 1021
101 8008 3209 5835 4370 1235 855 3868
102 8801 1235 1203 4980 7481 6172 4221
103 9762 6533 5575 4653 8757 8567 261
104 160 2752 1028 4936 8011 5640 7999
105 6307 9033 8779 4460 2514 131 4408
106 6593 2114 8389 2089 6444 3347 5847
107 1033 9752 2230 7768 9050 6107 4351
108 9280 944 3556 5701 3888 5210 3455
109 8420 3465 9143 3480 3844 8347 5279
110 9797 5864 5611 8817 7832 7770 317
111 9220 7466 5551 6100 2230 4059 7453
112 7430 2154 6419 5560 1881 9373 1022
113 0 5568 4291 9996 429 5907 5274
114 4290 579 2959 1399 7322 2490 2814
115 679 1096 8073 8019 7897 5210 635
116 3523 6597 5518 2959 2200 8760 795
117 8039 3917 1326 5133 914 7220 2622
118 5249 8080 3556 2055 8972 1520 2200
119 2912 7206 8458 3440 855 8281 4861
120 768 3868 9143 5624 8570 2780 9693
121 8545 8036 5107 9590 9695 7963 4383
122 1827 9799 7818 491 3060 572 4927
123 2851 1483 4339 187 9011 1659 1077
124 3618 266 4142 8665 4122 4794 8286
125 9767 6858 5835 2221 88 8791 3768
126 8102 2354 5549 3890 7437 187 8318
127 4806 2504 6444 7112 4370 6899 7705
128 419 5382 5192 8619 8108 3570 5603
129 192 8035 8073 9067 7532 1208 2751
130 3171 7594 7437 9204 9526 4825 8733
131 386 3619 3658 5453 9459 2298 6395
132 4515 3556 3478 9511 4200 681 4918
133 635 2314 3531 7286 2712 5723 7838
134 7712 7588 4102 1068 8426 6156 7282
135 4130 6757 1899 5453 5551 1906 8445
136 5056 4290 3315 9774 627 5753 605
137 4902 6385 1288 8273 7990 6265 2587
138 5959 7756 7923 8633 8607 9981 6079
139 7010 1028 1416 7437 3182 6509 974
140 5824 8785 7603 5046 121 5562 3359
141 9248 4139 4806 6854 587 7441 3187
142 3306 6165 1015 2779 2076 8522 414
143 4038 4106 7475 1684 3605 4318 7925
144 7810 1701 4554 9774 4366 6367 4927
145 160 9413 3209 5290 6607 6704 1085
146 7168 6629 2567 5549 974 5304 5404
147 5249 5378 9572 3397 7286 6776 9662
148 7297 8219 2180 5036 1135 3867 7823
149 8261 6823 6248 7927 154 5691 2622
150 8737 2691 2826 9455 4048 1560 7768
151 963 2727 9161 2250 465 1239 8317
152 5377 5959 5640 2291 3614 3835 5246
153 1857 5669 425 2826 3449 7594 9189
154 7074 2435 6245 8777 1041 5336 2779
155 8739 9574 7271 7818 8818 9910 6680
156 7712 9824 7072 5222 361 5616 8626
157 5952 7810 7019 6254 7887 9081 1371
158 3844 9413 1062 1002 3217 6615 2303
159 1027 9989 5222 6121 8783 9204 4634
160 6826 2703 5073 2258 5623 2780 4158
161 5952 4902 3143 5835 2927 6167 4351
162 3778 3085 8750 1200 7638 6946 7999
163 7298 9059 228 3247 7635 3738 7165
164 9762 3300 9546 4812 498 3892 4856
165 5923 1701 1545 7763 4115 4599 3198
166 6593 674 1926 9161 5937 3770 2843
167 163 103 1326 5139 5204 7510 7327
168 1312 8001 5411 8261 7211 531 9599
169 3842 6948 9799 361 1002 909 6751
170 681 9458 7096 50 280 6299 2622
171 9552 375 4048 9617 1207 4090 9885
172 9152 8553 6319 3187 8791 6713 1359
173 7877 6374 6697 6794 2068 4922 7580
174 1836 9458 4339 8727 5336 4285 8318
175 7590 6475 5036 8399 7827 2044 5405
176 8614 5290 2287 1488 1881 506 348
177 7168 9860 6629 2631 560 2743 7900
178 579 3274 7824 5059 3131 5770 5598
179 9483 9189 7398 5640 5579 6317 3954
180 1033 8654 2069 1272 3257 4380 9053
181 8774 9895 4714 4594 3892 2040 4217
182 673 962 6443 6317 2381 2068 7322
183 1420 844 9228 4113 7282 7540 9913
184 1155 2020 4747 913 2579 6972 5021
185 5571 549 9963 3085 4217 923 3870
186 8835 5769 2378 2668 923 1629 5246
187 1284 2886 1350 7054 1359 4153 222
188 7712 1350 103 7783 4214 4023 6493
189 5093 679 4872 8785 1928 465 4895
190 6406 807 2504 7594 5611 5357 248
191 8992 1857 4251 1479 587 7638 4059
192 2691 3793 1418 4366 335 7536 7441
193 5731 1033 4843 5618 8219 3390 2015
194 5570 7589 5037 4432 5681 2935 4447
195 2405 5320 8779 1292 4461 1518 5883
196 5568 11 1326 4275 5847 285 2622
197 8650 2258 628 664 5274 2011 6332
198 2689 1948 2291 375 6776 9756 8063
199 1474 741 328 7818 335 9210 2959
200 5959 2631 2381 782 8783 1906 6079
201 7523 1062 5191 9929 7783 1011 7367
202 9154 6533 3598 8080 1326 4220 4061
203 8322 2567 8553 3699 7348 7735 4090
204 806 9767 5640 8553 6314 1046 6398
205 6097 807 1417 2385 5938 243 445
206 4064 3906 2436 6439 231 8045 9750
207 3301 6794 1362 9142 1435 2076 4470
208 1537 1474 8228 741 7603 2714 6396
209 5448 3849 7735 3954 1011 9588 361
210 3200 3459 8045 2703 8784 9617 7897
211 8034 9987 8682 5570 7823 9115 7357
212 2849 9827 6422 9825 1483 1519 5878
213 8038 230 392 4593 8660 5079 6682
214 1189 4233 3531 3917 2261 5878 7418
215 6755 5703 8972 2200 1783 2040 2172
216 5059 5380 9099 7597 7823 4115 317
217 5024 5191 2953 9930 3406 9784 6172
218 9346 6183 1388 4976 9009 8059 7647
219 3556 531 5139 2746 3387 7580 2719
220 9591 8584 8745 9099 1207 1435 8703
221 4064 3904 4290 7236 5130 5011 8215
222 2689 9860 8011 5964 974 3492 6079
223 3746 8972 1420 1388 270 9170 628
224 204 3181 7887 5810 4023 1304 9081
225 6948 464 9108 1207 7416 6874 9917
226 4163 5093 2633 8397 9108 3611 6974
227 5769 274 5171 7412 5718 4187 2044
228 3744 4290 8035 6788 741 7942 4668
229 386 6245 7526 6823 3143 3888 8633
230 1312 1895 9095 8926 9752 2906 4318
231 5952 8034 763 2020 3925 280 6107
232 9189 9895 4936 5290 1021 3507 7453
233 8067 6345 4554 1549 1038 7286 664
234 5602 5829 5542 6279 8650 3089 9784
235 7040 8292 2886 4550 6607 9590 6872
236 2276 5388 8909 3055 119 5081 9626
237 515 8334 3133 2514 6330 9693 8318
238 3617 9894 6097 8273 7512 3133 9279
239 7589 806 8875 7980 1558 3768 6533
240 3906 7174 9966 3890 7477 8413 8318
241 1152 2086 913 4275 1881 123 7229
242 288 963 7493 8271 659 3962 8442
243 1312 4163 7493 1703 1930 6866 7838
244 8420 103 1545 242 8404 1848 5757
245 3971 3310 9170 1827 8244 6517 5597
246 7584 1797 1545 2861 4593 154 3517
247 228 5320 1359 5042 3611 6557 191
248 2817 1732 3205 3306 8011 2989 5299
249 7236 7430 7059 2836 2457 2845 3294
250 8038 1768 6120 1203 1528 4187 2044
251 8256 6593 9158 9929 1592 664 923
252 1475 5542 7913 8750 4913 248 1629
253 8869 2061 47 562 8665 315 4223
254 5410 8681 1938 9402 3834 7674 8318
255 491 8355 1703 3851 5452 531 3387
256 2851 8389 9382 9267 5847 5946 4318
257 7076 6022 4331 5299 7738 3196 9402
258 7818 4747 9203 7927 8665 2330 5468
259 6689 8133 2379 3951 5139 500 1268
260 3749 6279 1906 4599 3768 7129 9114
261 4200 4810 3947 5518 1403 2205 6399
262 3552 515 5765 50 9059 3769 9662
263 6592 5252 2989 3347 7935 2588 8383
264 9346 7427 5646 7347 6965 1532 2845
265 4417 9634 4971 6527 2587 6493 3455
266 8166 587 2253 47 1520 4115 8056
267 6593 5380 1895 4200 204 8122 2011
268 4163 9189 3311 1475 2232 2991 31
269 2851 8039 7923 9142 855 730 8283
270 1664 2528 6788 9170 3667 2772 9535
271 8737 385 6312 7724 500 4408 5404
272 9793 6439 7311 2261 2040 2457 5405
273 1507 7468 9454 5618 3892 3956 9690
274 1938 3182 8818 9651 8918 3738 2492
275 5378 9128 1643 7842 4827 3614 2015
276 2154 6382 7823 3667 2935 8476 3421
277 0 9572 6158 4537 1115 7453 9662
278 6312 1417 5130 6382 8872 4334 7357
279 9092 8869 8682 3311 8984 2647 8504
280 1609 4394 1899 9170 4794 8607 383
281 2851 5961 3698 6169 8281 2714 8347
282 7963 9253 909 1519 315 6684 4862
283 5603 9996 1297 531 3605 8796 5059
284 8420 9966 5079 4095 3196 6557 2719
285 8263 5937 7540 6682 2300 1725 5118
286 2588 426 8271 2416 1716 3759 5084
287 8801 3503 6768 4499 9814 8567 5722
288 7297 9762 8774 1314 1549 2835 6713
289 3744 8424 2999 7287 8984 6396 6813
290 768 2849 6826 2861 6479 4976 8625
291 3200 3205 1030 9648 2993 8566 4279
292 6697 6794 8939 2835 9974 664 6974
293 8334 47 6066 5878 2362 5147 1630
294 5568 1701 6345 4747 4053 7357 1022
295 4064 2886 679 9389 3449 3962 8894
296 4000 9128 6345 1643 2637 207 1288
297 9280 1284 263 8077 5073 3769 1115
298 4827 9220 4461 6703 6137 6107 6493
299 6304 2276 9543 1417 3947 1388 7935
300 1152 3108 2250 5757 7345 7832 317
301 3744 4672 9571 3300 3598 7824 1558
302 5377 9346 7638 4550 9767 8169 7094
303 8992 6593 7074 3405 7674 4830 6751
304 5729 6729 8745 274 7273 248 9695
305 6755 2502 172 2772 7958 6612 445
306 5575 4850 7282 6358 9882 9437 1951
307 3200 7840 4196 0 6866 7002 6140
308 9475 3301 7047 3178 4839 5516 1015
309 681 6314 3019 2061 6257 3478 4509
310 5059 9067 3570 771 7416 2492 9437
311 288 962 3749 8102 5274 3611 6527
312 6113 2695 6316 1836 3187 2836 506
313 7140 2664 426 4366 3248 8532 2046
314 8192 2083 4836 5382 7273 4427 5624
315 5729 3301 400 5204 8215 1844 9949
316 4331 6093 6413 1488 7378 2620 8063
317 1483 4267 7763 7002 3931 3987 3133
318 9472 7174 3112 4653 6612 3766 7287
319 843 4139 3181 3246 6422 855 8607
320 1318 3687 1545 2861 3257 2654 4895
321 3780 777 6826 491 3888 4594 627
322 6757 1703 1416 6860 7468 5107 3769
323 288 5701 6758 1268 1659 9053 191
324 3274 5036 1587 7603 7412 8664 9882
325 5829 4070 7273 3217 2548 6265 7738
326 1664 1392 7203 6093 464 3198 4895
327 8096 4451 7588 9740 2124 9814 4827
328 8397 5246 7670 6265 7674 2588 3390
329 5829 4902 2953 4503 9004 2258 87
330 97 6755 8837 8035 8760 9626 6399
331 9824 2506 9647 2224 8978 7094 4158
332 4291 1096 5037 8334 272 50 2046
333 7010 7494 3778 1391 3057 3954 4120
334 6443 6156 9588 6965 1304 9117 7742
335 1312 4739 3301 7532 6317 3246 1532
336 962 1418 9963 2284 4980 6965 5019
337 2695 6419 5870 913 9363 7512 1022
338 416 8038 4139 1181 8504 6557 5279
339 4810 8460 9651 627 9913 2843 5084
340 7174 6120 1643 5646 9941 6557 8405
341 8001 9894 1537 3755 3980 7311 2714
342 6304 9373 4113 119 2073 2941 5598
343 7755 7523 9574 231 7271 1804 8895
344 8096 4291 4452 7494 1062 6616 6713
345 809 8909 8913 9363 9910 6392 9882
346 3523 8426 1155 1684 9910 4030 3391
347 6816 8835 3849 7210 4461 1235 1371
348 4518 1294 47 8654 4279 8154 6319
349 6382 2134 8215 6713 6299 1502 2719
350 8545 9154 3816 8682 1068 5133 410
351 7853 7523 2567 8458 429 7375 1657
352 5249 806 1417 6316 4850 9369 509
353 4000 9220 6279 2504 719 5018 3357
354 8386 7398 2631 9128 9648 2291 7900
355 801 3746 9571 5575 4683 498 4729
356 4291 7784 2636 4048 3544 9499 2780
357 9634 3611 1532 5974 5691 3868 478
358 8099 8165 1038 3667 9433 2330 4830
359 6439 107 7376 6197 5974 153 3387
360 6816 1804 1741 9648 4499 9017 2620
361 1857 3617 8654 8625 3698 1651 7286
362 5191 5416 2636 3951 5937 5299 1108
363 4738 6563 8004 4773 4653 1202 2200
364 6629 4998 9647 8625 7763 9402 7965
365 2912 5545 9455 8593 7094 7273 248
366 3746 2935 7220 7287 8314 8796 6399
367 1377 8322 9413 7174 6443 8909 568
368 5765 1392 5079 5336 7580 349 4158
369 3459 8869 5222 5117 3057 1659 9693
370 3171 2244 9033 143 6776 4323 5624
371 9216 9059 9165 9326 2959 2836 414
372 3617 1189 9326 592 5011 3544 3548
373 8192 9053 2941 6553 1435 8636 8413
374 263 6120 4554 7340 2385 50 8180
375 8739 8855 3440 2356 8791 8504 8895
376 5602 549 9941 7129 4825 4442 4861
377 6312 3658 1068 2077 1520 5938 7357
378 1474 2083 1202 5123 4856 1084 1630
379 8096 5410 6316 5425 7416 89 8383
380 7735 6220 5037 9807 6965 9143 5722
381 8739 2436 4550 3471 3257 9755 2076
382 6788 4653 1202 3315 2200 3131 2590
383 962 7076 6757 7466 30 4059 4862
384 6273 7174 7345 1941 1046 4153 3995
385 9346 6345 7661 3310 659 9302 1022
386 4593 8073 7947 2764 5425 7923 1725
387 5568 9920 1068 5357 3247 6682 6972
388 6948 204 4622 7279 4374 3421 4862
389 386 827 998 1294 9459 9046 3131
390 3492 2959 5106 1783 3055 572 4509
391 3618 7779 1519 2514 2548 6165 5046
392 4737 9890 7559 8619 8972 8080 9363
393 8922 2378 1304 9752 5114 9981 6527
394 7588 1895 6314 2636 7376 1362 330
395 9475 9382 4038 3503 9267 6997 6167
396 1030 1768 8779 7349 4408 5018 636
397 5159 3209 3789 659 7990 6265 1114
398 5410 7107 4196 42 7631 2356 87
399 192 768 7368 8977 7512 5753 3387
400 2124 2061 8178 4115 5460 5878 411
401 9472 9929 7594 5294 2993 4083 8607
402 4902 3369 6158 2161 9108 3480 3995
403 7108 8166 7047 3628 9458 8404 1269
404 4233 5452 1362 3895 8575 6684 8703
405 7107 2886 1418 7947 7180 7853 8458
406 9843 2381 6607 7827 7002 2620 222
407 6788 2795 2385 6517 5562 2300 5021
408 228 1899 6317 7598 2989 9072 7348
409 1024 3570 2835 9974 154 8347 4572
410 4233 1899 3244 4656 5073 500 5114
411 8739 2506 587 1142 6553 4090 3387
412 9729 4871 266 9363 6395 6972 7327
413 1768 11 5549 7375 1203 2011 476
414 6304 1092 1420 4113 7412 9365 3294
415 4251 5159 7724 4460 2318 4217 2587
416 3315 8430 8913 6419 7417 9949 6942
417 3713 2314 6475 8529 9620 2941 2751
418 9475 2695 7433 1418 8817 8178 827
419 1024 9987 3978 3019 8817 1592 9821
420 3971 3780 2378 6612 7958 2172 4127
421 4579 5380 7559 4856 8472 7832 5118
422 9824 5669 4518 4076 8785 1331 8218
423 513 4867 3306 587 6548 3126 2743
424 6273 763 1703 7925 4922 8059 8949
425 5056 2020 3531 8016 7220 7550 2751
426 9280 3658 6316 4366 7094 6169 5534
427 5410 3619 7877 6183 6188 1038 7441
428 998 4872 5002 5357 2069 9334 3198
429 806 8553 1392 9715 3478 4284 8703
430 7840 3780 7621 5938 8430 4850 1269
431 9827 101 3980 7603 5013 5081 6299
432 7072 7427 9860 9767 5320 7019 4318
433 9824 3843 7076 1804 2253 5107 3449
434 6503 6444 3085 1488 5624 9752 4058
435 5056 3523 6597 7565 9774 5681 187
436 7297 4515 3780 1508 9092 2843 383
437 4000 4976 5570 8271 6704 6354 1268
438 6307 3749 4254 9966 8926 5757 1502
439 416 674 6854 1928 1015 7705 2330
440 7947 7340 47 5331 5013 7311 7229
441 4747 1964 3310 7824 7417 3834 4061
442 9987 7140 998 9715 5571 1239 2143
443 5731 8869 9478 6858 9647 506 3359
444 2851 266 6703 5138 1203 3931 6090
445 8545 5603 8872 6578 5147 9756 3517
446 8192 5765 2154 8335 9620 2069 2845
447 5765 4998 2154 8909 5562 5021 1567
448 7584 8034 2915 7589 913 3187 7512
449 9827 2314 3437 6612 3294 9620 5118
450 3618 5928 6972 445 8664 6396 3357
451 3617 8389 8136 2379 5518 1200 9203
452 7298 6083 6183 7925 6169 1114 5883
453 5371 1935 7466 8108 7887 9011 6395
454 8080 3531 8016 2385 9147 8732 5598
455 1474 9571 6597 2956 9762 1549 1202
456 5864 3980 2472 2548 2772 9626 6653
457 3112 1417 2124 4594 5460 6089 7417
458 2020 2727 2319 9072 1235 628 763
459 8389 4076 7340 6669 7279 6872 5371
460 4076 6316 8626 9267 8727 8859 2588
461 7942 5133 8399 1239 8472 8828 6813
462 9571 4427 6319 5142 568 2172 2751
463 8039 1416 2765 464 1331 3704 191
464 7589 5611 5681 5753 9913 5628 1630
465 8001 6629 1096 9692 9814 348 8261
466 6475 141 3598 4980 9588 3738 2654
467 4452 7494 5579 5457 5618 7667 31
468 4872 7661 3793 1716 1080 5147 317
469 7009 3274 4331 1135 8497 1399 2300
470 1030 2089 5835 4655 4400 4370 4058
471 9729 9095 8626 1687 2396 4509 2046
472 1024 8073 3503 6297 9978 2846 3455
473 8737 9346 110 2354 8727 6971 2015
474 1435 228 72 6165 6553 4153 827
475 9536 6816 5638 5222 7211 846 5499
476 3778 898 3182 2224 7635 7348 1844
477 1735 5453 3471 1011 4120 153 7899
478 7712 42 1518 9617 8686 8861 4862
479 7784 8426 8430 4015 6097 6419 4918
480 8992 4323 4550 1002 2989 4365 4090
481 2472 7721 8497 9365 1399 1403 9437
482 416 7107 4363 1108 8244 6874 6526
483 7947 2953 3947 1549 568 4922 159
484 3618 7236 1350 2379 5391 2993 5405
485 4130 5547 2287 9009 7129 2587 2303
486 3126 4785 392 7144 7510 4380 1725
487 7298 5093 6798 8281 3611 2492 3421
488 3588 3947 8108 5425 4634 4862 383
489 5864 1002 9996 5299 9402 8796 3199
490 1926 2086 3851 8654 3951 2674 1269
491 1416 9033 3247 628 6776 1209 3868
492 8384 2086 8584 4976 242 2835 1268
493 8035 6823 3112 8777 791 3971 7287
494 7493 8358 6183 846 3248 8818 2548
495 7942 8424 3628 2769 3858 7412 9882
496 2405 4550 8011 1331 9621 2487 4383
497 9890 6755 1420 3055 8664 6462 4927
498 487 3369 6220 8817 242 2654 7327
499 8737 3143 7784 7378 9334 5373 8383
